255 255 255 255 255 255 255 255 255 255 255 255 255 255 255 255
255 255 255 255 248 249 251 247 254 251 249 248 255 255 255 255
255 255 123 146  24 199  34 183  89  38  56  24 146 123 255 255
255 255 146 165  24 137 135 127 127 175 174  24 165 146 255 255
255 248  24  24  46 236 132 219 199 108 236  46  24  24 248 255
255 249  56 137 236  12 149 224   9   0 211  74  56  56 249 255
255 251 124 184 120 225  72 255 141  63 225 242 135 221 251 255
255 255 255 128 199 177 255  67  34 101 199   0  16  11 248 255
255 248 194 128 219 224 255 249  34   0 199   0 144 166 248 255
255 251  38  71 121 229 128 215   0 135 255 147 135 124 251 255
255 255 112 137 236  56  56 215 168 162  12  56 255 199 249 255
255 248  24  24  46 255 132 215   0  24  56  46 118  89 255 255
255 255 146 165  24 174 175 231 231 206 141 241 193 226 252 255
255 255 123 146  24  56  97  11  11 221 199 190 104  52 247 255
255 255 255 255 248 249 247 248 248 251 249 248 250 253 255 255
255 255 255 255 255 255 255 255 255 255 255 255 255 255 255 255
255 255 255 255 255 255 255 255 255 255 255 255 255 255 255 255
255 255 255 255 248 249 251 247 254 251 249 248 255 255 255 255
255 255 123 146  24 199  34 183  89  38  56  24 146 123 255 255
255 255 146 165  24 137 135 127 127 175 174  24 165 146 255 255
255 248  24  24  46 236 132 219 199 108 236  46  24  24 248 255
255 249  56 137 236  12 149 224   9   0 211  74  56  56 249 255
255 251 124 184 120 225  72 255 141  63 225 242 135 221 251 255
255 255 255 128 199 177 255  67  34 101 199   0  16  11 248 255
255 248 194 128 219 224 255 249  34   0 199   0 144 166 248 255
255 251  38  71 121 229 128 215   0 135 255 147 135 124 251 255
255 255 112 137 236  56  56 215 168 162  12  56 255 199 249 255
255 248  24  24  46 255 132 215   0  24  56  46 118  89 255 255
255 255 146 165  24 174 175 231 231 206 141 241 193 226 252 255
255 255 123 146  24  56  97  11  11 221 199 190 104  52 247 255
255 255 255 255 248 249 247 248 248 251 249 248 250 253 255 255
255 255 255 255 255 255 255 255 255 255 255 255 255 255 255 255
255 255 255 255 255 255 255 255 255 255 255 255 255 255 255 255
255 255 255 255 248 249 251 247 254 251 249 248 255 255 255 255
255 255 123 146  24 199  34 183  89  38  56  24 146 123 255 255
255 255 146 165  24 137 135 127 127 175 174  24 165 146 255 255
255 248  24  24  46 236 132 219 199 108 236  46  24  24 248 255
255 249  56 137 236  12 149 224   9   0 211  74  56  56 249 255
255 251 124 184 120 225  72 255 141  63 225 242 135 221 251 255
255 255 255 128 199 177 255  67  34 101 199   0  16  11 248 255
255 248 194 128 219 224 255 249  34   0 199   0 144 166 248 255
255 251  38  71 121 229 128 215   0 135 255 147 135 124 251 255
255 255 112 137 236  56  56 215 168 162  12  56 255 199 249 255
255 248  24  24  46 255 132 215   0  24  56  46 118  89 255 255
255 255 146 165  24 174 175 231 231 206 141 241 193 226 252 255
255 255 123 146  24  56  97  11  11 221 199 190 104  52 247 255
255 255 255 255 248 249 247 248 248 251 249 248 250 253 255 255
255 255 255 255 255 255 255 255 255 255 255 255 255 255 255 255

255 255 255 255 255 255 255 255 255 255 255 255 255 255 255 255
255 255 255 255 248 249 251 248 248 251 249 255 252 247 255 255
255 255 123 146  24  56 221  11 166 124 199  89 226  52 253 255
255 255 146 165  24  56 135  16 144 135 255 118 193 104 250 255
255 248  24  24  46  74 242   0   0 147  56  46 241 190 248 255
255 249  56 174 236 211 225 199 199 255  12  56 141 199 249 255
255 251  38 175 108   0  63 101   0 135 162  24 206 221 251 255
255 254  89 127 199   9 141  34  34   0 168   0 231  11 248 255
255 247 183 127 219 224 255  67 249 215 215 215 231  11 248 255
255 251  34 135 132 149  72 255 255 128  56 132 175  97 247 255
255 249 199 137 236  12 225 177 224 229  56 255 174  56 249 255
255 248  24  24  46 236 120 199 219 121 236  46  24  24 248 255
255 255 146 165  24 137 184 128 128  71 137  24 165 146 255 255
255 255 123 146  24  56 124 255 194  38 112  24 146 123 255 255
255 255 255 255 248 249 251 255 248 251 255 248 255 255 255 255
255 255 255 255 255 255 255 255 255 255 255 255 255 255 255 255
255 255 255 255 255 255 255 255 255 255 255 255 255 255 255 255
255 255 255 255 248 249 251 248 248 251 249 255 252 247 255 255
255 255 123 146  24  56 221  11 166 124 199  89 226  52 253 255
255 255 146 165  24  56 135  16 144 135 255 118 193 104 250 255
255 248  24  24  46  74 242   0   0 147  56  46 241 190 248 255
255 249  56 174 236 211 225 199 199 255  12  56 141 199 249 255
255 251  38 175 108   0  63 101   0 135 162  24 206 221 251 255
255 254  89 127 199   9 141  34  34   0 168   0 231  11 248 255
255 247 183 127 219 224 255  67 249 215 215 215 231  11 248 255
255 251  34 135 132 149  72 255 255 128  56 132 175  97 247 255
255 249 199 137 236  12 225 177 224 229  56 255 174  56 249 255
255 248  24  24  46 236 120 199 219 121 236  46  24  24 248 255
255 255 146 165  24 137 184 128 128  71 137  24 165 146 255 255
255 255 123 146  24  56 124 255 194  38 112  24 146 123 255 255
255 255 255 255 248 249 251 255 248 251 255 248 255 255 255 255
255 255 255 255 255 255 255 255 255 255 255 255 255 255 255 255
255 255 255 255 255 255 255 255 255 255 255 255 255 255 255 255
255 255 255 255 248 249 251 248 248 251 249 255 252 247 255 255
255 255 123 146  24  56 221  11 166 124 199  89 226  52 253 255
255 255 146 165  24  56 135  16 144 135 255 118 193 104 250 255
255 248  24  24  46  74 242   0   0 147  56  46 241 190 248 255
255 249  56 174 236 211 225 199 199 255  12  56 141 199 249 255
255 251  38 175 108   0  63 101   0 135 162  24 206 221 251 255
255 254  89 127 199   9 141  34  34   0 168   0 231  11 248 255
255 247 183 127 219 224 255  67 249 215 215 215 231  11 248 255
255 251  34 135 132 149  72 255 255 128  56 132 175  97 247 255
255 249 199 137 236  12 225 177 224 229  56 255 174  56 249 255
255 248  24  24  46 236 120 199 219 121 236  46  24  24 248 255
255 255 146 165  24 137 184 128 128  71 137  24 165 146 255 255
255 255 123 146  24  56 124 255 194  38 112  24 146 123 255 255
255 255 255 255 248 249 251 255 248 251 255 248 255 255 255 255
255 255 255 255 255 255 255 255 255 255 255 255 255 255 255 255

255 255 255 255 255 255 255 255 255 255 255 255 255 255 255 255
255 247 226 215 225 198 250 247 163 190 210 166 159 157 215 255
255 158  74 166 197 183 222 108  42  90 124  70 102 102 159 255
255 182 211 108 129  87 188 177 131 146 115  71 112 113 159 255
255 168 115  92 121  28  97  94 218 170 211  85  87  72 177 255
255 153 189 147  41   3 190 165 206  90  98 148 204  89 219 255
255 170 132 159 153 197 158  69 168 116 140 102  57  90 201 255
255 179 155 148  72 211  97  70 199 197 159 139 137 193 212 255
255 181  70  99  72 184 152  67 138 203 221 126  67 188 214 255
255 168 177 141 191 141 111 124 195  96 153 120 132 108 198 255
255 165  39  75 140 138  38 116 188 133 161 157 104 110 219 255
255 166  66  71  84 123 114 153 155 122 157  76  71  69 174 255
255 159 102 112  84 202 105  75 167 183 148  71 105 107 159 255
255 157 102 113  83 151  62 107 182  89 101  65 107 105 159 255
255 215 159 159 181 255 165 174 222 192 174 174 159 159 219 255
255 255 255 255 255 255 255 255 255 255 255 255 255 255 255 255
255 255 255 255 255 255 255 255 255 255 255 255 255 255 255 255
255 247 226 215 225 198 250 247 163 190 210 166 159 157 215 255
255 158  74 166 197 183 222 108  42  90 124  70 102 102 159 255
255 182 211 108 129  87 188 177 131 146 115  71 112 113 159 255
255 168 115  92 121  28  97  94 218 170 211  85  87  72 177 255
255 153 189 147  41   3 190 165 206  90  98 148 204  89 219 255
255 170 132 159 153 197 158  69 168 116 140 102  57  90 201 255
255 179 155 148  72 211  97  70 199 197 159 139 137 193 212 255
255 181  70  99  72 184 152  67 138 203 221 126  67 188 214 255
255 168 177 141 191 141 111 124 195  96 153 120 132 108 198 255
255 165  39  75 140 138  38 116 188 133 161 157 104 110 219 255
255 166  66  71  84 123 114 153 155 122 157  76  71  69 174 255
255 159 102 112  84 202 105  75 167 183 148  71 105 107 159 255
255 157 102 113  83 151  62 107 182  89 101  65 107 105 159 255
255 215 159 159 181 255 165 174 222 192 174 174 159 159 219 255
255 255 255 255 255 255 255 255 255 255 255 255 255 255 255 255
255 255 255 255 255 255 255 255 255 255 255 255 255 255 255 255
255 247 226 215 225 198 250 247 163 190 210 166 159 157 215 255
255 158  74 166 197 183 222 108  42  90 124  70 102 102 159 255
255 182 211 108 129  87 188 177 131 146 115  71 112 113 159 255
255 168 115  92 121  28  97  94 218 170 211  85  87  72 177 255
255 153 189 147  41   3 190 165 206  90  98 148 204  89 219 255
255 170 132 159 153 197 158  69 168 116 140 102  57  90 201 255
255 179 155 148  72 211  97  70 199 197 159 139 137 193 212 255
255 181  70  99  72 184 152  67 138 203 221 126  67 188 214 255
255 168 177 141 191 141 111 124 195  96 153 120 132 108 198 255
255 165  39  75 140 138  38 116 188 133 161 157 104 110 219 255
255 166  66  71  84 123 114 153 155 122 157  76  71  69 174 255
255 159 102 112  84 202 105  75 167 183 148  71 105 107 159 255
255 157 102 113  83 151  62 107 182  89 101  65 107 105 159 255
255 215 159 159 181 255 165 174 222 192 174 174 159 159 219 255
255 255 255 255 255 255 255 255 255 255 255 255 255 255 255 255

255 255 255 255 255 255 255 255 255 255 255 255 255 255 255 255
255 215 158 159 172 217 202 211 213 198 215 172 159 158 215 255
255 158 103 108  70  89  88 196 188 108 108  75 108 103 158 255
255 159 108 113  81 209  55 137  66 129 101  75 113 108 159 255
255 172  75  75  87 146 101 142 126 123 157  83  75  69 172 255
255 215 119 116 212 104 142 159 221 158 160 157 149 102 168 255
255 196  87 144 173  97 114 194 206  94 132 126 180  92 191 255
255 169  45 129 213 203 164 199 143 198 187 156 168 185 219 255
255 250 112 180  96 165  70  66  63 126 113 155  78 105 170 255
255 253 222 193  91 193 162  99 147 111  37 110 107  62 162 255
255 202 179  90  34   5 194 209 178 139 142 123 199 154 253 255
255 232 194 130 119  47 156  75  72 197 136  87  79  78 175 255
255 217 163 111  89 146 163 151 101 142  70  75 113 108 159 255
255 227  76 209 113 186 129 155  70 173  35  69 108 103 158 255
255 251 165 182 169 157 173 185 185 173 168 172 159 158 215 255
255 255 255 255 255 255 255 255 255 255 255 255 255 255 255 255
255 255 255 255 255 255 255 255 255 255 255 255 255 255 255 255
255 215 158 159 172 217 202 211 213 198 215 172 159 158 215 255
255 158 103 108  70  89  88 196 188 108 108  75 108 103 158 255
255 159 108 113  81 209  55 137  66 129 101  75 113 108 159 255
255 172  75  75  87 146 101 142 126 123 157  83  75  69 172 255
255 215 119 116 212 104 142 159 221 158 160 157 149 102 168 255
255 196  87 144 173  97 114 194 206  94 132 126 180  92 191 255
255 169  45 129 213 203 164 199 143 198 187 156 168 185 219 255
255 250 112 180  96 165  70  66  63 126 113 155  78 105 170 255
255 253 222 193  91 193 162  99 147 111  37 110 107  62 162 255
255 202 179  90  34   5 194 209 178 139 142 123 199 154 253 255
255 232 194 130 119  47 156  75  72 197 136  87  79  78 175 255
255 217 163 111  89 146 163 151 101 142  70  75 113 108 159 255
255 227  76 209 113 186 129 155  70 173  35  69 108 103 158 255
255 251 165 182 169 157 173 185 185 173 168 172 159 158 215 255
255 255 255 255 255 255 255 255 255 255 255 255 255 255 255 255
255 255 255 255 255 255 255 255 255 255 255 255 255 255 255 255
255 215 158 159 172 217 202 211 213 198 215 172 159 158 215 255
255 158 103 108  70  89  88 196 188 108 108  75 108 103 158 255
255 159 108 113  81 209  55 137  66 129 101  75 113 108 159 255
255 172  75  75  87 146 101 142 126 123 157  83  75  69 172 255
255 215 119 116 212 104 142 159 221 158 160 157 149 102 168 255
255 196  87 144 173  97 114 194 206  94 132 126 180  92 191 255
255 169  45 129 213 203 164 199 143 198 187 156 168 185 219 255
255 250 112 180  96 165  70  66  63 126 113 155  78 105 170 255
255 253 222 193  91 193 162  99 147 111  37 110 107  62 162 255
255 202 179  90  34   5 194 209 178 139 142 123 199 154 253 255
255 232 194 130 119  47 156  75  72 197 136  87  79  78 175 255
255 217 163 111  89 146 163 151 101 142  70  75 113 108 159 255
255 227  76 209 113 186 129 155  70 173  35  69 108 103 158 255
255 251 165 182 169 157 173 185 185 173 168 172 159 158 215 255
255 255 255 255 255 255 255 255 255 255 255 255 255 255 255 255
